[[-0.9998755782410754,-0.013692965201698359,-0.0078313945782827,0,-0.014749364126035428,0.9875906594540423,0.15635586210621308,0,0.0055932367571092,0.15645191612508416,-0.9876697442168378,0,535.0506897798807,3025.3230762876374,-17224.930738390878,1],[-0.9998755782410751,-0.013692965201698359,-0.007831394578282698,0,-0.01469269522860505,0.9891057734186262,0.1464715115468885,0,0.005740448280647141,0.14656835159754572,-0.9891838937030367,0,535.0506897798807,3025.3230762876374,-17224.930738390878,1],[-0.9998755782410752,-0.013692965201698359,-0.007831394578282696,0,-0.014634557073895682,0.9905219776301203,0.13657251395846845,0,0.005887085764140712,0.13667013035698744,-0.9905991256241827,0,535.0506897798807,3025.3230762876374,-17224.930738390878,1],[-0.9998755782410754,-0.013692965201698359,-0.007831394578282696,0,-0.014634557073895682,0.9905219776301202,0.13657251395846842,0,0.005887085764140712,0.13667013035698747,-0.990599125624183,0,534.9254337232019,3022.415226414179,-17203.854344195817,1],[-0.9998755782410756,-0.013692965201698363,-0.007831394578282696,0,-0.014634557073895682,0.9905219776301202,0.1365725139584684,0,0.005887085764140712,0.13667013035698747,-0.9905991256241832,0,534.800177666523,3019.5073765407205,-17182.777950000756,1],[-0.9998755782410759,-0.013692965201698366,-0.007831394578282696,0,-0.014634557073895682,0.9905219776301202,0.1365725139584684,0,0.005887085764140711,0.1366701303569875,-0.9905991256241834,0,534.6749216098442,3016.599526667262,-17161.701555805696,1],[-0.9998755782410759,-0.013692965201698366,-0.007831394578282696,0,-0.014634557073895682,0.9905219776301202,0.1365725139584684,0,0.005887085764140711,0.1366701303569875,-0.9905991256241834,0,534.5496655531654,3013.6916767938037,-17140.625161610635,1],[-0.9998755782410761,-0.013692965201698368,-0.007831394578282695,0,-0.014634557073895682,0.9905219776301202,0.13657251395846837,0,0.005887085764140711,0.1366701303569875,-0.9905991256241836,0,534.4244094964865,3010.7838269203453,-17119.548767415574,1],[-0.9998755782410761,-0.013692965201698368,-0.007831394578282695,0,-0.014634557073895682,0.9905219776301202,0.13657251395846837,0,0.005887085764140711,0.1366701303569875,-0.9905991256241836,0,534.2991534398077,3007.875977046887,-17098.472373220513,1],[-0.9998755782410761,-0.013692965201698368,-0.007831394578282695,0,-0.014634557073895682,0.9905219776301202,0.13657251395846837,0,0.005887085764140711,0.1366701303569875,-0.9905991256241836,0,534.1738973831289,3004.9681271734285,-17077.395979025452,1],[-0.9998755782410763,-0.013692965201698371,-0.007831394578282695,0,-0.014634557073895682,0.9905219776301202,0.13657251395846834,0,0.00588708576414071,0.13667013035698752,-0.9905991256241838,0,534.04864132645,3002.06027729997,-17056.31958483039,1],[-0.9998755782410763,-0.013692965201698371,-0.007831394578282695,0,-0.014634557073895682,0.9905219776301202,0.13657251395846834,0,0.00588708576414071,0.13667013035698752,-0.9905991256241838,0,533.9233852697712,2999.1524274265116,-17035.24319063533,1],[-0.9998755782410765,-0.013692965201698375,-0.007831394578282695,0,-0.014634557073895682,0.9905219776301202,0.13657251395846834,0,0.00588708576414071,0.13667013035698755,-0.9905991256241841,0,533.7981292130924,2996.244577553053,-17014.16679644027,1],[-0.9998755782410765,-0.013692965201698375,-0.007831394578282695,0,-0.014634557073895682,0.9905219776301202,0.13657251395846834,0,0.00588708576414071,0.13667013035698755,-0.9905991256241841,0,533.6728731564135,2993.336727679595,-16993.09040224521,1],[-0.9998755782410768,-0.013692965201698378,-0.007831394578282695,0,-0.014634557073895682,0.9905219776301202,0.13657251395846834,0,0.005887085764140709,0.13667013035698758,-0.9905991256241843,0,533.5476170997347,2990.4288778061364,-16972.014008050148,1],[-0.9998755782410768,-0.013692965201698378,-0.007831394578282695,0,-0.014634557073895682,0.9905219776301202,0.13657251395846834,0,0.005887085764140709,0.13667013035698758,-0.9905991256241843,0,533.4223610430558,2987.521027932678,-16950.937613855087,1],[-0.9998755782410768,-0.013692965201698378,-0.007831394578282695,0,-0.014634557073895682,0.9905219776301202,0.13657251395846834,0,0.005887085764140709,0.13667013035698758,-0.9905991256241843,0,533.297104986377,2984.6131780592195,-16929.861219660026,1],[-0.999875578241077,-0.01369296520169838,-0.007831394578282695,0,-0.014634557073895682,0.9905219776301202,0.13657251395846834,0,0.005887085764140709,0.1366701303569876,-0.9905991256241845,0,533.1718489296982,2981.705328185761,-16908.784825464965,1],[-0.999875578241077,-0.01369296520169838,-0.007831394578282695,0,-0.014634557073895682,0.9905219776301202,0.13657251395846834,0,0.005887085764140709,0.1366701303569876,-0.9905991256241845,0,533.0465928730193,2978.7974783123027,-16887.708431269904,1],[-0.9998755782410772,-0.013692965201698383,-0.007831394578282695,0,-0.014634557073895682,0.9905219776301202,0.13657251395846834,0,0.005887085764140708,0.13667013035698763,-0.9905991256241847,0,532.9213368163405,2975.8896284388443,-16866.632037074844,1],[-0.9998755782410772,-0.013692965201698383,-0.007831394578282695,0,-0.014634557073895682,0.9905219776301202,0.13657251395846834,0,0.005887085764140708,0.13667013035698763,-0.9905991256241847,0,532.7960807596617,2972.981778565386,-16845.555642879783,1],[-0.9998755782410774,-0.013692965201698389,-0.007831394578282695,0,-0.01463455707389568,0.9905219776301202,0.13657251395846834,0,0.005887085764140708,0.13667013035698766,-0.990599125624185,0,532.6708247029828,2970.0739286919274,-16824.479248684722,1],[-0.9998755782410776,-0.013692965201698392,-0.007831394578282695,0,-0.01463455707389568,0.9905219776301202,0.13657251395846834,0,0.0058870857641407075,0.1366701303569877,-0.9905991256241852,0,532.545568646304,2967.166078818469,-16803.40285448966,1],[-0.9998755782410776,-0.013692965201698392,-0.007831394578282695,0,-0.01463455707389568,0.9905219776301202,0.13657251395846834,0,0.0058870857641407075,0.1366701303569877,-0.9905991256241852,0,532.4203125896252,2964.2582289450106,-16782.3264602946,1],[-0.9998755782410779,-0.013692965201698394,-0.007831394578282695,0,-0.01463455707389568,0.9905219776301202,0.13657251395846834,0,0.0058870857641407075,0.13667013035698772,-0.9905991256241854,0,532.2950565329463,2961.350379071552,-16761.25006609954,1],[-0.9998755782410779,-0.013692965201698394,-0.007831394578282695,0,-0.01463455707389568,0.9905219776301202,0.13657251395846834,0,0.0058870857641407075,0.13667013035698772,-0.9905991256241854,0,532.1698004762675,2958.442529198094,-16740.17367190448,1],[-0.9998755782410781,-0.013692965201698397,-0.007831394578282695,0,-0.01463455707389568,0.9905219776301202,0.13657251395846834,0,0.005887085764140707,0.13667013035698775,-0.9905991256241856,0,532.0445444195886,2955.5346793246354,-16719.097277709418,1],[-0.9998755782410781,-0.013692965201698397,-0.007831394578282695,0,-0.01463455707389568,0.9905219776301202,0.13657251395846834,0,0.005887085764140707,0.13667013035698775,-0.9905991256241856,0,531.9192883629098,2952.626829451177,-16698.020883514357,1],[-0.9998755782410783,-0.0136929652016984,-0.007831394578282695,0,-0.01463455707389568,0.9905219776301202,0.1365725139584683,0,0.0058870857641407075,0.13667013035698775,-0.9905991256241858,0,531.794032306231,2949.7189795777185,-16676.944489319296,1],[-0.9998755782410783,-0.0136929652016984,-0.007831394578282695,0,-0.01463455707389568,0.9905219776301202,0.1365725139584683,0,0.0058870857641407075,0.13667013035698775,-0.9905991256241858,0,531.6687762495521,2946.81112970426,-16655.868095124235,1],[-0.9998755782410783,-0.0136929652016984,-0.007831394578282695,0,-0.01463455707389568,0.9905219776301202,0.1365725139584683,0,0.0058870857641407075,0.13667013035698775,-0.9905991256241858,0,531.5435201928733,2943.9032798308017,-16634.791700929174,1],[-0.9998755782410785,-0.013692965201698404,-0.007831394578282695,0,-0.01463455707389568,0.9905219776301202,0.13657251395846828,0,0.005887085764140707,0.13667013035698775,-0.9905991256241861,0,531.4182641361945,2940.9954299573433,-16613.715306734113,1],[-0.9998755782410785,-0.013692965201698404,-0.007831394578282695,0,-0.01463455707389568,0.9905219776301202,0.13657251395846828,0,0.005887085764140707,0.13667013035698775,-0.9905991256241861,0,531.2930080795156,2938.087580083885,-16592.638912539052,1],[-0.9998755782410788,-0.013692965201698406,-0.007831394578282695,0,-0.01463455707389568,0.9905219776301203,0.13657251395846826,0,0.005887085764140707,0.13667013035698777,-0.9905991256241863,0,531.1677520228368,2935.1797302104264,-16571.56251834399,1],[-0.9998755782410788,-0.013692965201698406,-0.007831394578282695,0,-0.01463455707389568,0.9905219776301203,0.13657251395846826,0,0.005887085764140707,0.13667013035698777,-0.9905991256241863,0,531.042495966158,2932.271880336968,-16550.48612414893,1],[-0.999875578241079,-0.01369296520169841,-0.007831394578282695,0,-0.01463455707389568,0.9905219776301203,0.13657251395846823,0,0.005887085764140706,0.13667013035698777,-0.9905991256241865,0,530.9172399094791,2929.3640304635096,-16529.40972995387,1],[-0.999875578241079,-0.01369296520169841,-0.007831394578282695,0,-0.01463455707389568,0.9905219776301203,0.13657251395846823,0,0.005887085764140706,0.13667013035698777,-0.9905991256241865,0,530.7919838528003,2926.456180590051,-16508.33333575881,1],[-0.9998755782410792,-0.013692965201698413,-0.007831394578282695,0,-0.01463455707389568,0.9905219776301203,0.13657251395846823,0,0.005887085764140706,0.1366701303569878,-0.9905991256241867,0,530.6667277961214,2923.548330716593,-16487.256941563748,1],[-0.9998755782410792,-0.013692965201698413,-0.007831394578282695,0,-0.01463455707389568,0.9905219776301203,0.13657251395846823,0,0.005887085764140706,0.1366701303569878,-0.9905991256241867,0,530.5414717394426,2920.6404808431344,-16466.180547368687,1],[-0.9998755782410792,-0.013692965201698413,-0.007831394578282695,0,-0.01463455707389568,0.9905219776301203,0.13657251395846823,0,0.005887085764140706,0.1366701303569878,-0.9905991256241867,0,530.4162156827638,2917.732630969676,-16445.104153173626,1],[-0.9998755782410794,-0.013692965201698416,-0.007831394578282695,0,-0.01463455707389568,0.9905219776301203,0.13657251395846823,0,0.005887085764140705,0.13667013035698783,-0.990599125624187,0,530.2909596260849,2914.8247810962175,-16424.027758978566,1],[-0.9998755782410794,-0.013692965201698416,-0.007831394578282695,0,-0.01463455707389568,0.9905219776301203,0.13657251395846823,0,0.005887085764140705,0.13667013035698783,-0.990599125624187,0,530.1657035694061,2911.916931222759,-16402.951364783505,1],[-0.9998755782410796,-0.013692965201698418,-0.007831394578282695,0,-0.01463455707389568,0.9905219776301203,0.13657251395846823,0,0.005887085764140705,0.13667013035698786,-0.9905991256241872,0,530.0404475127273,2909.0090813493007,-16381.874970588444,1],[-0.9998755782410796,-0.013692965201698418,-0.007831394578282695,0,-0.01463455707389568,0.9905219776301203,0.13657251395846823,0,0.005887085764140705,0.13667013035698786,-0.9905991256241872,0,529.9151914560484,2906.1012314758423,-16360.798576393383,1],[-0.9998755782410799,-0.013692965201698422,-0.007831394578282695,0,-0.01463455707389568,0.9905219776301203,0.13657251395846823,0,0.005887085764140704,0.13667013035698788,-0.9905991256241874,0,529.7899353993696,2903.193381602384,-16339.722182198322,1],[-0.9998755782410799,-0.013692965201698422,-0.007831394578282695,0,-0.01463455707389568,0.9905219776301203,0.13657251395846823,0,0.005887085764140704,0.13667013035698788,-0.9905991256241874,0,529.6646793426908,2900.2855317289254,-16318.645788003261,1],[-0.9998755782410799,-0.013692965201698422,-0.007831394578282695,0,-0.01463455707389568,0.9905219776301203,0.13657251395846823,0,0.005887085764140704,0.13667013035698788,-0.9905991256241874,0,529.5394232860119,2897.377681855467,-16297.5693938082,1],[-0.9998755782410801,-0.013692965201698427,-0.007831394578282695,0,-0.014634557073895679,0.9905219776301203,0.13657251395846823,0,0.005887085764140704,0.1366701303569879,-0.9905991256241876,0,529.4141672293331,2894.4698319820086,-16276.49299961314,1],[-0.9998755782410801,-0.013692965201698427,-0.007831394578282695,0,-0.014634557073895679,0.9905219776301203,0.13657251395846823,0,0.005887085764140704,0.1366701303569879,-0.9905991256241876,0,529.2889111726543,2891.56198210855,-16255.416605418079,1],[-0.9998755782410801,-0.013692965201698427,-0.007831394578282695,0,-0.014634557073895679,0.9905219776301203,0.13657251395846823,0,0.005887085764140704,0.1366701303569879,-0.9905991256241876,0,529.1636551159754,2888.6541322350918,-16234.340211223018,1],[-0.9998755782410803,-0.01369296520169843,-0.007831394578282695,0,-0.014634557073895679,0.9905219776301203,0.13657251395846823,0,0.005887085764140703,0.13667013035698794,-0.9905991256241878,0,529.0383990592966,2885.7462823616333,-16213.263817027957,1],[-0.9998755782410803,-0.01369296520169843,-0.007831394578282695,0,-0.014634557073895679,0.9905219776301203,0.13657251395846823,0,0.005887085764140703,0.13667013035698794,-0.9905991256241878,0,528.9131430026177,2882.838432488175,-16192.187422832896,1],[-0.9998755782410803,-0.01369296520169843,-0.007831394578282695,0,-0.014634557073895679,0.9905219776301203,0.13657251395846823,0,0.005887085764140703,0.13667013035698794,-0.9905991256241878,0,528.7878869459389,2879.9305826147165,-16171.111028637835,1],[-0.9998755782410805,-0.013692965201698432,-0.007831394578282695,0,-0.014634557073895679,0.9905219776301203,0.13657251395846823,0,0.005887085764140703,0.13667013035698797,-0.9905991256241881,0,528.6626308892601,2877.022732741258,-16150.034634442774,1],[-0.9998755782410805,-0.013692965201698432,-0.007831394578282695,0,-0.014634557073895679,0.9905219776301203,0.13657251395846823,0,0.005887085764140703,0.13667013035698797,-0.9905991256241881,0,528.5373748325812,2874.1148828677997,-16128.958240247714,1],[-0.9998755782410805,-0.013692965201698432,-0.007831394578282695,0,-0.014634557073895679,0.9905219776301203,0.13657251395846823,0,0.005887085764140703,0.13667013035698797,-0.9905991256241881,0,528.4121187759024,2871.2070329943413,-16107.881846052653,1],[-0.9998755782410805,-0.013692965201698432,-0.007831394578282695,0,-0.014634557073895679,0.9905219776301203,0.13657251395846823,0,0.005887085764140703,0.13667013035698797,-0.9905991256241881,0,528.2868627192236,2868.299183120883,-16086.805451857592,1],[-0.9998755782410805,-0.013692965201698432,-0.007831394578282695,0,-0.014634557073895679,0.9905219776301203,0.13657251395846823,0,0.005887085764140703,0.13667013035698797,-0.9905991256241881,0,528.1616066625447,2865.3913332474244,-16065.729057662531,1],[-0.9998755782410808,-0.013692965201698435,-0.007831394578282695,0,-0.014634557073895679,0.9905219776301203,0.1365725139584682,0,0.005887085764140703,0.13667013035698797,-0.9905991256241883,0,528.0363506058659,2862.483483373966,-16044.65266346747,1],[-0.9998755782410808,-0.013692965201698435,-0.007831394578282695,0,-0.014634557073895679,0.9905219776301203,0.1365725139584682,0,0.005887085764140703,0.13667013035698797,-0.9905991256241883,0,527.911094549187,2859.5756335005076,-16023.57626927241,1],[-0.9998755782410808,-0.013692965201698435,-0.007831394578282695,0,-0.014634557073895679,0.9905219776301203,0.1365725139584682,0,0.005887085764140703,0.13667013035698797,-0.9905991256241883,0,527.7858384925082,2856.667783627049,-16002.499875077348,1],[-0.999875578241081,-0.013692965201698439,-0.007831394578282695,0,-0.014634557073895679,0.9905219776301203,0.13657251395846817,0,0.005887085764140703,0.136670130356988,-0.9905991256241885,0,527.6605824358294,2853.7599337535908,-15981.423480882288,1],[-0.999875578241081,-0.013692965201698439,-0.007831394578282695,0,-0.014634557073895679,0.9905219776301203,0.13657251395846817,0,0.005887085764140703,0.136670130356988,-0.9905991256241885,0,527.5353263791505,2850.8520838801323,-15960.347086687227,1],[-0.9998755782410812,-0.013692965201698442,-0.007831394578282695,0,-0.014634557073895679,0.9905219776301203,0.13657251395846817,0,0.005887085764140703,0.13667013035698802,-0.9905991256241887,0,527.4100703224717,2847.944234006674,-15939.270692492166,1],[-0.9998755782410812,-0.013692965201698442,-0.007831394578282695,0,-0.014634557073895679,0.9905219776301203,0.13657251395846817,0,0.005887085764140703,0.13667013035698802,-0.9905991256241887,0,527.2848142657929,2845.0363841332155,-15918.194298297105,1],[-0.9998755782410814,-0.013692965201698444,-0.007831394578282695,0,-0.014634557073895679,0.9905219776301203,0.13657251395846817,0,0.005887085764140703,0.13667013035698805,-0.990599125624189,0,527.159558209114,2842.128534259757,-15897.117904102044,1],[-0.9998755782410814,-0.013692965201698444,-0.007831394578282695,0,-0.014634557073895679,0.9905219776301203,0.13657251395846817,0,0.005887085764140703,0.13667013035698805,-0.990599125624189,0,527.0343021524352,2839.2206843862987,-15876.041509906983,1],[-0.9998755782410813,-0.013692965201698446,-0.007831394578282693,0,-0.014574955475674344,0.9918391304692837,0.1266598592324623,0,0.006033134543963748,0.12675824221728538,-0.991915298458269,0,527.0343021524352,2839.2206843862987,-15876.041509906983,1],[-0.9998755782410813,-0.013692965201698446,-0.007831394578282693,0,-0.014574955475674344,0.9918391304692836,0.1266598592324623,0,0.006033134543963747,0.1267582422172854,-0.9919152984582689,0,526.9059387018817,2836.5237239193075,-15854.937112277676,1],[-0.9998755782410812,-0.013692965201698448,-0.007831394578282691,0,-0.014513896394051196,0.99305710022193,0.11673453862608274,0,0.0061785800153599905,0.11683367835899255,-0.9931322805890963,0,526.9059387018817,2836.5237239193075,-15854.937112277676,1],[-0.9998755782410812,-0.013692965201698448,-0.007831394578282691,0,-0.014513896394051196,0.99305710022193,0.11673453862608274,0,0.0061785800153599905,0.11683367835899255,-0.9931322805890963,0,526.7744806936915,2834.0379225525826,-15833.806821636297,1],[-0.9998755782410811,-0.01369296520169845,-0.00783139457828269,0,-0.014451385934883518,0.9941757650920988,0.10679754466311901,0,0.006323407633903498,0.10689743123022487,-0.9942499503194723,0,526.7744806936915,2834.0379225525826,-15833.806821636297,1],[-0.9998755782410811,-0.01369296520169845,-0.00783139457828269,0,-0.014451385934883518,0.9941757650920988,0.10679754466311901,0,0.006323407633903498,0.10689743123022487,-0.9942499503194723,0,526.639941273556,2831.7635288641895,-15812.652750994303,1],[-0.999875578241081,-0.013692965201698451,-0.007831394578282688,0,-0.014387430349165132,0.9951950132142355,0.09684987103468663,0,0.006467602916953104,0.09695049444741505,-0.9952681958833552,0,526.639941273556,2831.7635288641895,-15812.652750994303,1],[-0.999875578241081,-0.013692965201698451,-0.007831394578282688,0,-0.014387430349165132,0.9951950132142355,0.09684987103468663,0,0.006467602916953104,0.09695049444741505,-0.9952681958833552,0,526.5023338953051,2829.700770291601,-15791.477015741128,1],[-0.9998755782410809,-0.013692965201698453,-0.007831394578282686,0,-0.014322036032401316,0.9961147426643773,0.08689251249985873,0,0.0066111514451006655,0.0869938626959523,-0.9961869154570373,0,526.5023338953051,2829.700770291601,-15791.477015741128,1],[-0.9998755782410809,-0.013692965201698453,-0.007831394578282686,0,-0.014322036032401316,0.9961147426643773,0.08689251249985873,0,0.0066111514451006655,0.0869938626959523,-0.9961869154570373,0,526.3616723195619,2827.8498531089563,-15770.281733432652,1],[-0.9998755782410808,-0.013692965201698454,-0.007831394578282684,0,-0.01425520952396925,0.9969348614703454,0.07692646478619103,0,0.006754038863612992,0.07702853163071459,-0.9970060171693266,0,526.3616723195619,2827.8498531089563,-15770.281733432652,1],[-0.9998755782410808,-0.013692965201698454,-0.007831394578282684,0,-0.01425520952396925,0.9969348614703454,0.07692646478619103,0,0.006754038863612992,0.07702853163071459,-0.9970060171693266,0,526.2179706123667,2826.2109624064306,-15749.069023579445,1],[-0.9998755782410806,-0.013692965201698456,-0.007831394578282684,0,-0.014186957506464088,0.9976552876209428,0.06695272449014988,0,0.006896250883867305,0.06705549777650405,-0.9977254191107345,0,526.2179706123667,2826.2109624064306,-15749.069023579445,1],[-0.9998755782410809,-0.013692965201698444,-0.007831394578282682,0,-0.014186957506464102,0.9976552876209427,0.06695272449014984,0,0.006896250883867306,0.06705549777650406,-0.9977254191107348,0,526.0712431437705,2824.7842620717283,-15727.841007434812,1],[-0.9998755782410809,-0.013692965201698444,-0.007831394578282682,0,-0.014186957506464102,0.9976552876209427,0.06695272449014984,0,0.006896250883867306,0.06705549777650406,-0.9977254191107348,0,525.9245156751743,2823.357561737026,-15706.61299129018,1],[-0.9998755782410809,-0.013692965201698444,-0.007831394578282682,0,-0.014186957506464102,0.9976552876209427,0.06695272449014984,0,0.006896250883867306,0.06705549777650406,-0.9977254191107348,0,525.7777882065782,2821.930861402324,-15685.384975145547,1],[-0.9998755782410806,-0.013692965201698446,-0.007831394578282682,0,-0.0141869575064641,0.9976552876209427,0.06695272449014983,0,0.006896250883867306,0.06705549777650407,-0.9977254191107345,0,525.631060737982,2820.5041610676217,-15664.156959000915,1],[-0.9998755782410806,-0.013692965201698446,-0.007831394578282682,0,-0.0141869575064641,0.9976552876209427,0.06695272449014983,0,0.006896250883867306,0.06705549777650407,-0.9977254191107345,0,525.4843332693858,2819.0774607329195,-15642.928942856282,1],[-0.9998755782410804,-0.013692965201698444,-0.007831394578282682,0,-0.014186957506464102,0.9976552876209427,0.06695272449014984,0,0.006896250883867306,0.06705549777650406,-0.9977254191107343,0,525.3376058007897,2817.6507603982172,-15621.70092671165,1],[-0.9998755782410804,-0.013692965201698444,-0.007831394578282682,0,-0.014186957506464102,0.9976552876209427,0.06695272449014984,0,0.006896250883867306,0.06705549777650406,-0.9977254191107343,0,525.1908783321935,2816.224060063515,-15600.472910567018,1],[-0.9998755782410802,-0.013692965201698442,-0.007831394578282682,0,-0.014186957506464103,0.9976552876209427,0.06695272449014984,0,0.006896250883867305,0.06705549777650405,-0.9977254191107341,0,525.0441508635973,2814.797359728813,-15579.244894422385,1],[-0.9998755782410802,-0.013692965201698442,-0.007831394578282682,0,-0.014186957506464103,0.9976552876209427,0.06695272449014984,0,0.006896250883867305,0.06705549777650405,-0.9977254191107341,0,524.8974233950012,2813.3706593941106,-15558.016878277753,1],[-0.9998755782410802,-0.013692965201698442,-0.007831394578282682,0,-0.014186957506464103,0.9976552876209427,0.06695272449014984,0,0.006896250883867305,0.06705549777650405,-0.9977254191107341,0,524.750695926405,2811.9439590594084,-15536.78886213312,1],[-0.99987557824108,-0.01369296520169844,-0.00783139457828268,0,-0.014186957506464105,0.9976552876209427,0.06695272449014984,0,0.006896250883867305,0.06705549777650403,-0.9977254191107339,0,524.6039684578088,2810.517258724706,-15515.560845988488,1],[-0.99987557824108,-0.01369296520169844,-0.00783139457828268,0,-0.014186957506464105,0.9976552876209427,0.06695272449014984,0,0.006896250883867305,0.06705549777650403,-0.9977254191107339,0,524.4572409892127,2809.090558390004,-15494.332829843856,1],[-0.9998755782410798,-0.013692965201698439,-0.007831394578282682,0,-0.014186957506464105,0.9976552876209427,0.06695272449014984,0,0.006896250883867305,0.06705549777650402,-0.9977254191107336,0,524.3105135206165,2807.6638580553017,-15473.104813699223,1],[-0.9998755782410795,-0.013692965201698437,-0.007831394578282682,0,-0.014186957506464107,0.9976552876209427,0.06695272449014984,0,0.006896250883867305,0.067055497776504,-0.9977254191107334,0,524.1637860520203,2806.2371577205995,-15451.87679755459,1],[-0.9997566235196567,-0.013021736760582745,-0.01780809086630969,0,-0.014186957506467656,0.9976552876208951,0.0669527244908575,0,0.01689449526148378,0.06718907240081445,-0.9975972206144994,0,524.1637860520203,2806.2371577205995,-15451.87679755459,1],[-0.9997566235196567,-0.013021736760582745,-0.01780809086630969,0,-0.014186957506467656,0.9976552876208951,0.0669527244908575,0,0.01689449526148378,0.06718907240081445,-0.9975972206144994,0,523.8043318261414,2804.807615397283,-15430.651509013862,1],[-0.9995376939690096,-0.012349206156628257,-0.027783006360089145,0,-0.0141869575064712,0.9976552876208474,0.06695272449156514,0,0.026891050203652806,0.06731592817387536,-0.9973692632275323,0,523.8043318261414,2804.807615397283,-15430.651509013862,1],[-0.9995376939690098,-0.012349206156628257,-0.027783006360089145,0,-0.0141869575064712,0.9976552876208474,0.06695272449156515,0,0.026891050203652803,0.06731592817387534,-0.9973692632275326,0,523.2321867881027,2803.375374038393,-15409.431070588202,1],[-0.9992188114819114,-0.011675440642334925,-0.03775514357638407,0,-0.014186957506474744,0.9976552876207999,0.06695272449227282,0,0.03688491606321061,0.06743605241021498,-0.997041569745381,0,523.2321867881027,2803.375374038393,-15409.431070588202,1],[-0.9992188114819114,-0.011675440642334925,-0.03775514357638407,0,-0.014186957506474744,0.9976552876207999,0.06695272449227282,0,0.03688491606321061,0.06743605241021498,-0.997041569745381,0,522.4474081519313,2801.9405768668726,-15388.21760430377,1],[-0.9988000079463445,-0.011000507593692718,-0.04772350530978293,0,-0.014186957506478288,0.9976552876207523,0.06695272449298048,0,0.04687509346189942,0.06754943309750967,-0.9966141729371202,0,522.4474081519313,2801.9405768668726,-15388.21760430377,1],[-0.9988000079463449,-0.011000507593692718,-0.04772350530978293,0,-0.01418695750647829,0.9976552876207523,0.06695272449298048,0,0.04687509346189942,0.06754943309750967,-0.9966141729371205,0,521.4500743948369,2800.5033673612425,-15367.01323148952,1],[-0.9982813252423142,-0.010324474503444063,-0.057687094732419314,0,-0.014186957506481836,0.9976552876207047,0.06695272449368816,0,0.05686058339030451,0.06765605889778502,-0.996087115542075,0,521.4500743948369,2800.5033673612425,-15367.01323148952,1],[-0.9982813252423143,-0.010324474503444068,-0.05768709473241933,0,-0.014186957506481832,0.9976552876207045,0.06695272449368815,0,0.0568605833903045,0.06765605889778505,-0.996087115542075,0,520.2402852493639,2799.0638892412558,-15345.820072565059,1],[-0.9976628152376579,-0.009647408974334632,-0.06764491549365392,0,-0.01418695750648538,0.9976552876206566,0.0669527244943958,0,0.06684038730775423,0.06775591914854971,-0.995460450265545,0,520.2402852493639,2799.0638892412558,-15345.820072565059,1],[-0.9976628152376577,-0.009647408974334635,-0.06764491549365394,0,-0.014186957506485375,0.9976552876206566,0.06695272449439577,0,0.0668403873077542,0.06775591914854973,-0.9954604502655446,0,518.8181616934188,2797.6222864535252,-15324.64024682862,1],[-0.9969445397828605,-0.008969378712353123,-0.07759597181970881,0,-0.014186957506488919,0.9976552876206091,0.06695272449510344,0,0.0768135072421733,0.06784900386386178,-0.994734239773536,0,518.8181616934188,2797.6222864535252,-15324.64024682862,1],[-0.9969445397828604,-0.008969378712353118,-0.07759597181970883,0,-0.014186957506488922,0.9976552876206091,0.06695272449510345,0,0.07681350724217331,0.06784900386386176,-0.994734239773536,0,517.1838459381722,2796.178703157128,-15303.475872245128,1],[-0.9961265707048694,-0.008290451519960712,-0.08753926861324388,0,-0.014186957506492468,0.9976552876205614,0.06695272449581112,0,0.08677894588987925,0.06793530373532705,-0.9939085566864926,0,517.1838459381722,2796.178703157128,-15303.475872245128,1],[-0.9961265707048693,-0.008290451519960712,-0.08753926861324386,0,-0.014186957506492468,0.9976552876205615,0.0669527244958111,0,0.08677894588987929,0.06793530373532707,-0.9939085566864928,0,515.3375014138376,2794.733283709191,-15282.329065234402,1],[-0.9961265707048692,-0.008290451519960712,-0.08753926861324385,0,-0.014186957506492468,0.9976552876205615,0.0669527244958111,0,0.0867789458898793,0.06793530373532708,-0.993908556686493,0,513.4911568895029,2793.2878642612536,-15261.182258223676,1],[-0.9961265707048692,-0.008290451519960712,-0.08753926861324385,0,-0.014186957506492468,0.9976552876205615,0.0669527244958111,0,0.0867789458898793,0.06793530373532708,-0.993908556686493,0,511.6448123651683,2791.8424448133164,-15240.03545121295,1],[-0.9961265707048695,-0.008290451519960712,-0.08753926861324385,0,-0.01418695750649247,0.9976552876205615,0.0669527244958111,0,0.0867789458898793,0.06793530373532708,-0.9939085566864935,0,509.7984678408337,2790.3970253653792,-15218.888644202225,1],[-0.9961265707048695,-0.008290451519960712,-0.08753926861324385,0,-0.01418695750649247,0.9976552876205615,0.0669527244958111,0,0.0867789458898793,0.06793530373532708,-0.9939085566864935,0,507.9521233164991,2788.951605917442,-15197.7418371915,1],[-0.9961265707048695,-0.008290451519960712,-0.08753926861324385,0,-0.01418695750649247,0.9976552876205615,0.0669527244958111,0,0.0867789458898793,0.06793530373532708,-0.9939085566864935,0,506.10577879216453,2787.506186469505,-15176.595030180773,1],[-0.9961265707048699,-0.008290451519960716,-0.08753926861324385,0,-0.014186957506492466,0.9976552876205615,0.06695272449581108,0,0.08677894588987932,0.06793530373532708,-0.9939085566864938,0,504.25943426782993,2786.0607670215677,-15155.448223170048,1],[-0.9961265707048699,-0.008290451519960716,-0.08753926861324385,0,-0.014186957506492466,0.9976552876205615,0.06695272449581108,0,0.08677894588987932,0.06793530373532708,-0.9939085566864938,0,502.41308974349533,2784.6153475736305,-15134.301416159322,1],[-0.9961265707048699,-0.008290451519960716,-0.08753926861324385,0,-0.014186957506492466,0.9976552876205615,0.06695272449581108,0,0.08677894588987932,0.06793530373532708,-0.9939085566864938,0,500.56674521916074,2783.1699281256933,-15113.154609148596,1],[-0.9961265707048699,-0.008290451519960716,-0.08753926861324385,0,-0.014186957506492466,0.9976552876205615,0.06695272449581108,0,0.08677894588987932,0.06793530373532708,-0.9939085566864938,0,498.72040069482614,2781.724508677756,-15092.00780213787,1],[-0.9961265707048698,-0.008290451519960718,-0.08753926861324385,0,-0.014186957506492463,0.9976552876205615,0.06695272449581105,0,0.08677894588987933,0.0679353037353271,-0.9939085566864938,0,496.87405617049154,2780.279089229819,-15070.860995127145,1],[-0.9961265707048698,-0.008290451519960718,-0.08753926861324385,0,-0.014186957506492463,0.9976552876205615,0.06695272449581105,0,0.08677894588987933,0.0679353037353271,-0.9939085566864938,0,495.02771164615694,2778.833669781882,-15049.714188116419,1],[-0.9961265707048698,-0.008290451519960718,-0.08753926861324385,0,-0.014186957506492463,0.9976552876205615,0.06695272449581105,0,0.08677894588987933,0.0679353037353271,-0.9939085566864938,0,493.18136712182235,2777.3882503339446,-15028.567381105693,1],[-0.9961265707048697,-0.008290451519960718,-0.08753926861324383,0,-0.014186957506492463,0.9976552876205615,0.06695272449581105,0,0.08677894588987933,0.0679353037353271,-0.9939085566864938,0,491.33502259748775,2775.9428308860074,-15007.420574094967,1],[-0.9961265707048697,-0.008290451519960718,-0.08753926861324383,0,-0.014186957506492463,0.9976552876205615,0.06695272449581105,0,0.08677894588987933,0.0679353037353271,-0.9939085566864938,0,489.48867807315315,2774.4974114380702,-14986.273767084242,1],[-0.9961265707048695,-0.008290451519960716,-0.08753926861324382,0,-0.014186957506492463,0.9976552876205615,0.06695272449581105,0,0.08677894588987933,0.0679353037353271,-0.9939085566864938,0,487.64233354881856,2773.051991990133,-14965.126960073516,1],[-0.9961265707048695,-0.008290451519960716,-0.08753926861324382,0,-0.014186957506492463,0.9976552876205615,0.06695272449581105,0,0.08677894588987933,0.0679353037353271,-0.9939085566864938,0,485.79598902448396,2771.606572542196,-14943.98015306279,1],[-0.9961265707048695,-0.008290451519960716,-0.08753926861324382,0,-0.014186957506492463,0.9976552876205615,0.06695272449581105,0,0.08677894588987933,0.0679353037353271,-0.9939085566864938,0,483.94964450014936,2770.1611530942587,-14922.833346052064,1],[-0.9961265707048694,-0.008290451519960716,-0.08753926861324382,0,-0.014186957506492463,0.9976552876205615,0.06695272449581105,0,0.08677894588987933,0.0679353037353271,-0.9939085566864938,0,482.10329997581476,2768.7157336463215,-14901.686539041339,1],[-0.9961265707048694,-0.008290451519960716,-0.08753926861324382,0,-0.014186957506492463,0.9976552876205615,0.06695272449581105,0,0.08677894588987933,0.0679353037353271,-0.9939085566864938,0,480.25695545148017,2767.2703141983843,-14880.539732030613,1],[-0.9961265707048693,-0.008290451519960712,-0.08753926861324382,0,-0.014186957506492464,0.9976552876205615,0.06695272449581105,0,0.08677894588987935,0.0679353037353271,-0.9939085566864938,0,478.41061092714557,2765.824894750447,-14859.392925019887,1],[-0.9961265707048693,-0.008290451519960712,-0.08753926861324382,0,-0.014186957506492464,0.9976552876205615,0.06695272449581105,0,0.08677894588987935,0.0679353037353271,-0.9939085566864938,0,476.564266402811,2764.37947530251,-14838.246118009161,1],[-0.9961265707048692,-0.008290451519960712,-0.08753926861324382,0,-0.014186957506492464,0.9976552876205615,0.06695272449581105,0,0.08677894588987936,0.0679353037353271,-0.9939085566864938,0,474.7179218784764,2762.9340558545728,-14817.099310998436,1],[-0.9961265707048692,-0.008290451519960712,-0.08753926861324382,0,-0.014186957506492464,0.9976552876205615,0.06695272449581105,0,0.08677894588987936,0.0679353037353271,-0.9939085566864938,0,472.8715773541418,2761.4886364066356,-14795.95250398771,1],[-0.9961265707048692,-0.008290451519960712,-0.08753926861324382,0,-0.014186957506492464,0.9976552876205615,0.06695272449581105,0,0.08677894588987936,0.0679353037353271,-0.9939085566864938,0,471.0252328298072,2760.0432169586984,-14774.805696976984,1],[-0.9961265707048691,-0.008290451519960712,-0.08753926861324382,0,-0.014186957506492466,0.9976552876205615,0.06695272449581105,0,0.08677894588987936,0.0679353037353271,-0.9939085566864938,0,469.1788883054726,2758.597797510761,-14753.658889966258,1],[-0.9961265707048691,-0.008290451519960712,-0.08753926861324382,0,-0.014186957506492466,0.9976552876205615,0.06695272449581105,0,0.08677894588987936,0.0679353037353271,-0.9939085566864938,0,467.332543781138,2757.152378062824,-14732.512082955533,1],[-0.996126570704869,-0.008290451519960712,-0.0875392686132438,0,-0.014186957506492468,0.9976552876205615,0.06695272449581105,0,0.08677894588987936,0.0679353037353271,-0.9939085566864938,0,465.4861992568034,2755.706958614887,-14711.365275944807,1],[-0.9961265707048689,-0.008290451519960712,-0.08753926861324379,0,-0.014186957506492468,0.9976552876205615,0.06695272449581105,0,0.08677894588987936,0.0679353037353271,-0.9939085566864938,0,463.6398547324688,2754.2615391669497,-14690.218468934081,1],[-0.9961265707048688,-0.00829045151996071,-0.08753926861324379,0,-0.014186957506492468,0.9976552876205615,0.06695272449581105,0,0.08677894588987936,0.0679353037353271,-0.9939085566864938,0,461.7935102081342,2752.8161197190125,-14669.071661923355,1],[-0.9961265707048688,-0.00829045151996071,-0.08753926861324379,0,-0.014186957506492468,0.9976552876205615,0.06695272449581105,0,0.08677894588987936,0.0679353037353271,-0.9939085566864938,0,459.9471656837996,2751.3707002710753,-14647.92485491263,1],[-0.9961265707048687,-0.00829045151996071,-0.08753926861324379,0,-0.014186957506492468,0.9976552876205615,0.06695272449581105,0,0.08677894588987937,0.0679353037353271,-0.9939085566864938,0,458.100821159465,2749.925280823138,-14626.778047901904,1],[-0.9961265707048687,-0.00829045151996071,-0.08753926861324379,0,-0.014186957506492468,0.9976552876205615,0.06695272449581105,0,0.08677894588987937,0.0679353037353271,-0.9939085566864938,0,456.2544766351304,2748.479861375201,-14605.631240891178,1],[-0.9961265707048685,-0.008290451519960709,-0.08753926861324379,0,-0.014186957506492468,0.9976552876205615,0.06695272449581105,0,0.08677894588987939,0.0679353037353271,-0.9939085566864938,0,454.4081321107958,2747.0344419272637,-14584.484433880452,1],[-0.9961265707048685,-0.008290451519960709,-0.08753926861324379,0,-0.014186957506492468,0.9976552876205615,0.06695272449581105,0,0.08677894588987939,0.0679353037353271,-0.9939085566864938,0,452.5617875864612,2745.5890224793266,-14563.337626869727,1],[-0.9961265707048685,-0.008290451519960709,-0.08753926861324379,0,-0.014186957506492468,0.9976552876205615,0.06695272449581105,0,0.08677894588987939,0.0679353037353271,-0.9939085566864938,0,450.7154430621266,2744.1436030313894,-14542.190819859,1],[-0.9961265707048685,-0.008290451519960709,-0.08753926861324379,0,-0.014186957506492468,0.9976552876205615,0.06695272449581105,0,0.08677894588987939,0.0679353037353271,-0.9939085566864938,0,448.869098537792,2742.698183583452,-14521.044012848275,1],[-0.9961265707048684,-0.008290451519960709,-0.08753926861324378,0,-0.014186957506492468,0.9976552876205615,0.06695272449581105,0,0.08677894588987939,0.0679353037353271,-0.9939085566864938,0,447.0227540134574,2741.252764135515,-14499.89720583755,1],[-0.9961265707048683,-0.008290451519960707,-0.08753926861324378,0,-0.014186957506492468,0.9976552876205615,0.06695272449581105,0,0.08677894588987939,0.0679353037353271,-0.9939085566864938,0,445.1764094891228,2739.807344687578,-14478.750398826824,1],[-0.9961265707048683,-0.008290451519960707,-0.08753926861324378,0,-0.014186957506492468,0.9976552876205615,0.06695272449581105,0,0.08677894588987939,0.0679353037353271,-0.9939085566864938,0,443.3300649647882,2738.3619252396406,-14457.603591816098,1],[-0.9961265707048682,-0.008290451519960707,-0.08753926861324378,0,-0.014186957506492468,0.9976552876205615,0.06695272449581105,0,0.0867789458898794,0.0679353037353271,-0.9939085566864938,0,441.4837204404536,2736.9165057917035,-14436.456784805372,1],[-0.9961265707048681,-0.008290451519960704,-0.08753926861324378,0,-0.01418695750649247,0.9976552876205615,0.06695272449581105,0,0.08677894588987942,0.0679353037353271,-0.9939085566864938,0,439.637375916119,2735.4710863437663,-14415.309977794646,1],[-0.9961265707048681,-0.008290451519960704,-0.08753926861324378,0,-0.01418695750649247,0.9976552876205615,0.06695272449581105,0,0.08677894588987942,0.0679353037353271,-0.9939085566864938,0,437.79103139178443,2734.025666895829,-14394.16317078392,1],[-0.996126570704868,-0.008290451519960704,-0.08753926861324378,0,-0.01418695750649247,0.9976552876205615,0.06695272449581105,0,0.08677894588987942,0.0679353037353271,-0.9939085566864938,0,435.94468686744983,2732.580247447892,-14373.016363773195,1],[-0.996126570704868,-0.008290451519960704,-0.08753926861324378,0,-0.01418695750649247,0.9976552876205615,0.06695272449581105,0,0.08677894588987942,0.0679353037353271,-0.9939085566864938,0,434.09834234311523,2731.1348279999547,-14351.869556762469,1],[-0.996126570704868,-0.008290451519960704,-0.08753926861324378,0,-0.01418695750649247,0.9976552876205615,0.06695272449581105,0,0.08677894588987942,0.0679353037353271,-0.9939085566864938,0,432.25199781878064,2729.6894085520175,-14330.722749751743,1],[-0.9961265707048679,-0.008290451519960702,-0.08753926861324376,0,-0.01418695750649247,0.9976552876205615,0.06695272449581105,0,0.08677894588987942,0.0679353037353271,-0.9939085566864938,0,430.40565329444604,2728.2439891040804,-14309.575942741018,1],[-0.9961265707048679,-0.008290451519960702,-0.08753926861324376,0,-0.01418695750649247,0.9976552876205615,0.06695272449581105,0,0.08677894588987942,0.0679353037353271,-0.9939085566864938,0,428.55930877011144,2726.798569656143,-14288.429135730292,1],[-0.9961265707048678,-0.008290451519960702,-0.08753926861324375,0,-0.01418695750649247,0.9976552876205615,0.06695272449581105,0,0.08677894588987942,0.0679353037353271,-0.9939085566864938,0,426.71296424577685,2725.353150208206,-14267.282328719566,1],[-0.9961265707048678,-0.008290451519960702,-0.08753926861324375,0,-0.01418695750649247,0.9976552876205615,0.06695272449581105,0,0.08677894588987942,0.0679353037353271,-0.9939085566864938,0,424.86661972144225,2723.907730760269,-14246.13552170884,1],[-0.9961265707048677,-0.0082904515199607,-0.08753926861324375,0,-0.01418695750649247,0.9976552876205615,0.06695272449581105,0,0.08677894588987942,0.0679353037353271,-0.9939085566864938,0,423.02027519710765,27